1
1
2
2
2
2
3
3
4
4
4
4
4
4
6
6
6
6
6
6
7
7
7
7
10
10
10
10
12
12
15
15
15
15
16
16
16
16
18
18
19
19
19
19
19
19
21
21
21
21
24
24
25
25
27
27
28
28
29
29
32
32
34
34
34
34
34
34
35
35
37
37
39
39
41
41
42
42
42
42
46
46
46
46
47
47
48
48
51
51
51
51
52
52
55
55
57
57
59
59
60
60
60
60
61
61
61
61
63
63
63
63
66
66
67
67
68
68
68
68
68
68
69
69
69
69
70
70
70
70
71
71
74
74
74
74
75
75
75
75
75
75
76
76
76
76
79
79
80
80
80
80
80
80
82
82
84
84
85
85
87
87
88
88
88
88
90
90
91
91
91
91
92
92
92
92
92
92
